
   indexA  indexB  area_ratio street_pattern  p_walk  p_tpc  p_sitva  p_auto  p_moto  p_taxi  p_bike
0       0      12    0.994918        hibrido   0.721  0.017    0.128   0.050   0.066   0.017   0.000
1       1      15    0.999747     cul_de_sac   0.373  0.194    0.092   0.146   0.195   0.000   0.000
2       2      16    0.999156       organico   0.258  0.337    0.056   0.153   0.099   0.010   0.013
3       3      17    0.996560        hibrido   0.464  0.270    0.097   0.015   0.108   0.015   0.030
4       4      18    0.999441     cul_de_sac   0.080  0.063    0.075   0.589   0.090   0.009   0.003

=== Conteo por Street Pattern ===
street_pattern
gridiron      181
organico      146
hibrido       127
cul_de_sac     59
Name: count, dtype: int64

=== Estadísticos descriptivos de las proporciones, por Street Pattern ===
street_pattern  cul_de_sac    gridiron     hibrido    organico
p_walk  count    59.000000  181.000000  127.000000  146.000000
        mean      0.317271    0.280348    0.261031    0.308199
        std       0.175016    0.161316    0.174822    0.176317
        min       0.000000    0.000000    0.000000    0.000000
        25%       0.199000    0.144000    0.104500    0.157000
        50%       0.342000    0.266000    0.247000    0.322500
        75%       0.423000    0.396000    0.402000    0.426750
        max       0.711000    0.778000    0.721000    0.722000
p_tpc   count    59.000000  181.000000  127.000000  146.000000
        mean      0.178678    0.174238    0.185260    0.175473
        std       0.112032    0.091080    0.117198    0.106043
        min       0.000000    0.000000    0.000000    0.000000
        25%       0.100500    0.111000    0.098500    0.103500
        50%       0.169000    0.164000    0.176000    0.163500
        75%       0.238000    0.216000    0.258500    0.218500
        max       0.509000    0.460000    0.515000    0.610000
p_sitva count    59.000000  181.000000  127.000000  146.000000
        mean      0.143102    0.169387    0.158866    0.150130
        std       0.099164    0.098625    0.104571    0.110330
        min       0.000000    0.000000    0.000000    0.000000
        25%       0.088000    0.101000    0.092000    0.072000
        50%       0.113000    0.153000    0.142000    0.129000
        75%       0.179500    0.230000    0.219000    0.194750
        max       0.500000    0.564000    0.636000    0.643000
p_auto  count    59.000000  181.000000  127.000000  146.000000
        mean      0.121102    0.141403    0.157118    0.150849
        std       0.152745    0.118801    0.159712    0.185122
        min       0.000000    0.000000    0.000000    0.000000
        25%       0.027000    0.059000    0.054000    0.029500
        50%       0.074000    0.110000    0.103000    0.078000
        75%       0.140500    0.181000    0.182000    0.196750
        max       0.589000    0.760000    0.877000    0.765000
p_moto  count    59.000000  181.000000  127.000000  146.000000
        mean      0.137051    0.130895    0.140370    0.119856
        std       0.093712    0.058479    0.113568    0.072139
        min       0.000000    0.000000    0.000000    0.000000
        25%       0.089500    0.096000    0.071500    0.071000
        50%       0.116000    0.127000    0.122000    0.111500
        75%       0.156500    0.167000    0.188000    0.151750
        max       0.662000    0.328000    1.000000    0.393000
p_taxi  count    59.000000  181.000000  127.000000  146.000000
        mean      0.022424    0.048492    0.046701    0.036253
        std       0.024404    0.039465    0.059130    0.037692
        min       0.000000    0.000000    0.000000    0.000000
        25%       0.000000    0.024000    0.009500    0.007250
        50%       0.019000    0.042000    0.034000    0.027500
        75%       0.034000    0.064000    0.063000    0.052000
        max       0.106000    0.217000    0.426000    0.231000
p_bike  count    59.000000  181.000000  127.000000  146.000000
        mean      0.011678    0.015569    0.009323    0.009644
        std       0.024561    0.020609    0.015266    0.014825
        min       0.000000    0.000000    0.000000    0.000000
        25%       0.000000    0.000000    0.000000    0.000000
        50%       0.000000    0.007000    0.004000    0.003000
        75%       0.009500    0.022000    0.013000    0.013000
        max       0.119000    0.104000    0.114000    0.084000

Street Patterns en el dataset: hibrido, cul_de_sac, organico, gridiron

=== ANOVA / Kruskal para cada proporción de movilidad ===
> P_WALK => ANOVA F=2.439 p=0.0637, Kruskal H=7.086 p=0.069204
> P_TPC => ANOVA F=0.310 p=0.81815, Kruskal H=0.586 p=0.89972
> P_SITVA => ANOVA F=1.418 p=0.23668, Kruskal H=8.675 p=0.033942
> P_AUTO => ANOVA F=0.835 p=0.4748, Kruskal H=10.928 p=0.012121
> P_MOTO => ANOVA F=1.521 p=0.20804, Kruskal H=5.081 p=0.16598
> P_TAXI => ANOVA F=6.665 p=0.00020225, Kruskal H=28.345 p=3.0745e-06
> P_BIKE => ANOVA F=3.956 p=0.0083147, Kruskal H=13.038 p=0.0045559

Boxplots guardados (boxplot_{variable}.png).
=== Matriz de correlación (Spearman) entre proporciones y dummies de Street Pattern ===
                      p_walk     p_tpc   p_sitva    p_auto    p_moto    p_taxi    p_bike  pattern_cul_de_sac  pattern_gridiron  pattern_hibrido  pattern_organico
p_walk              1.000000 -0.112198 -0.088260 -0.660556 -0.148331 -0.219451 -0.079331            0.061105         -0.027781        -0.090856          0.073120
p_tpc              -0.112198  1.000000 -0.091708 -0.178269  0.030534 -0.038857  0.042717           -0.005715         -0.008925         0.033138         -0.018204
p_sitva            -0.088260 -0.091708  1.000000 -0.189265 -0.058094  0.017056  0.027312           -0.064283          0.113839         0.007610         -0.082384
p_auto             -0.660556 -0.178269 -0.189265  1.000000 -0.004098  0.280671  0.100375           -0.094812          0.095868         0.053688         -0.085841
p_moto             -0.148331  0.030534 -0.058094 -0.004098  1.000000 -0.043631  0.102737            0.004580          0.066211         0.023988         -0.096301
p_taxi             -0.219451 -0.038857  0.017056  0.280671 -0.043631  1.000000  0.052633           -0.182557          0.178566         0.023134         -0.082155
p_bike             -0.079331  0.042717  0.027312  0.100375  0.102737  0.052633  1.000000           -0.076277          0.155378        -0.051213         -0.061631
pattern_cul_de_sac  0.061105 -0.005715 -0.064283 -0.094812  0.004580 -0.182557 -0.076277            1.000000         -0.266176        -0.206779         -0.227374
pattern_gridiron   -0.027781 -0.008925  0.113839  0.095868  0.066211  0.178566  0.155378           -0.266176          1.000000        -0.423524         -0.465708
pattern_hibrido    -0.090856  0.033138  0.007610  0.053688  0.023988  0.023134 -0.051213           -0.206779         -0.423524         1.000000         -0.361786
pattern_organico    0.073120 -0.018204 -0.082384 -0.085841 -0.096301 -0.082155 -0.061631           -0.227374         -0.465708        -0.361786          1.000000

Heatmap de correlaciones guardado en heatmap_correlation.png

=== Regresión Logística Multinomial (Street Pattern ~ proporciones) ===
                          MNLogit Regression Results
==============================================================================
Dep. Variable:           pattern_code   No. Observations:                  513
Model:                        MNLogit   Df Residuals:                      489
Method:                           MLE   Df Model:                           21
Date:                Thu, 13 Mar 2025   Pseudo R-squ.:                 0.04162
Time:                        01:01:14   Log-Likelihood:                -648.77
converged:                       True   LL-Null:                       -676.94
Covariance Type:            nonrobust   LLR p-value:                 4.482e-05
==================================================================================
pattern_code=1       coef    std err          z      P>|z|      [0.025      0.975]
----------------------------------------------------------------------------------
const             -3.2336      2.071     -1.561      0.118      -7.293       0.826
p_walk             3.0658      2.230      1.375      0.169      -1.304       7.436
p_tpc              3.4742      2.539      1.368      0.171      -1.502       8.450
p_sitva            5.5062      2.437      2.259      0.024       0.729      10.283
p_auto             3.9403      2.605      1.512      0.130      -1.166       9.047
p_moto             3.0924      2.621      1.180      0.238      -2.044       8.229
p_taxi            25.6126      6.060      4.227      0.000      13.735      37.490
p_bike            12.4275      8.305      1.496      0.135      -3.850      28.705
----------------------------------------------------------------------------------
pattern_code=2       coef    std err          z      P>|z|      [0.025      0.975]
----------------------------------------------------------------------------------
const             -3.6145      2.231     -1.620      0.105      -7.987       0.758
p_walk             2.6726      2.408      1.110      0.267      -2.047       7.393
p_tpc              4.5013      2.698      1.668      0.095      -0.787       9.790
p_sitva            4.9846      2.616      1.905      0.057      -0.143      10.112
p_auto             4.6133      2.768      1.667      0.096      -0.811      10.038
p_moto             4.5787      2.705      1.693      0.091      -0.723       9.880
p_taxi            24.7509      6.197      3.994      0.000      12.605      36.897
p_bike            -6.3904      9.769     -0.654      0.513     -25.537      12.756
----------------------------------------------------------------------------------
pattern_code=3       coef    std err          z      P>|z|      [0.025      0.975]
----------------------------------------------------------------------------------
const             -1.1076      1.557     -0.712      0.477      -4.158       1.943
p_walk             1.9148      1.739      1.101      0.271      -1.494       5.323
p_tpc              1.8365      2.105      0.872      0.383      -2.290       5.963
p_sitva            2.2778      2.065      1.103      0.270      -1.769       6.325
p_auto             2.7907      2.105      1.326      0.185      -1.334       6.916
p_moto            -0.4079      2.306     -0.177      0.860      -4.927       4.111
p_moto            -0.4079      2.306     -0.177      0.860      -4.927       4.111
p_taxi            16.4684      6.028      2.732      0.006       4.654      28.283
p_bike            -4.7755      9.045     -0.528      0.598     -22.504      12.953
==================================================================================

Interpretación: Coeficientes que comparan cada categoría vs la base (cul_de_sac si code=0).
p_moto            -0.4079      2.306     -0.177      0.860      -4.927       4.111
p_taxi            16.4684      6.028      2.732      0.006       4.654      28.283
p_bike            -4.7755      9.045     -0.528      0.598     -22.504      12.953
==================================================================================
p_moto            -0.4079      2.306     -0.177      0.860      -4.927       4.111
p_taxi            16.4684      6.028      2.732      0.006       4.654      28.283
p_bike            -4.7755      9.045     -0.528      0.598     -22.504      12.953
p_moto            -0.4079      2.306     -0.177      0.860      -4.927       4.111
p_taxi            16.4684      6.028      2.732      0.006       4.654      28.283
p_moto            -0.4079      2.306     -0.177      0.860      -4.927       4.111
p_moto            -0.4079      2.306     -0.177      0.860      -4.927       4.111
p_moto            -0.4079      2.306     -0.177      0.860      -4.927       4.111
p_taxi            16.4684      6.028      2.732      0.006       4.654      28.283
p_moto            -0.4079      2.306     -0.177      0.860      -4.927       4.111
p_moto            -0.4079      2.306     -0.177      0.860      -4.927       4.111
p_moto            -0.4079      2.306     -0.177      0.860      -4.927       4.111
p_taxi            16.4684      6.028      2.732      0.006       4.654      28.283
p_moto            -0.4079      2.306     -0.177      0.860      -4.927       4.111
p_taxi            16.4684      6.028      2.732      0.006       4.654      28.283
p_moto            -0.4079      2.306     -0.177      0.860      -4.927       4.111
p_moto            -0.4079      2.306     -0.177      0.860      -4.927       4.111
p_taxi            16.4684      6.028      2.732      0.006       4.654      28.283
p_moto            -0.4079      2.306     -0.177      0.860      -4.927       4.111
p_taxi            16.4684      6.028      2.732      0.006       4.654      28.283
p_moto            -0.4079      2.306     -0.177      0.860      -4.927       4.111
p_moto            -0.4079      2.306     -0.177      0.860      -4.927       4.111
p_moto            -0.4079      2.306     -0.177      0.860      -4.927       4.111
p_moto            -0.4079      2.306     -0.177      0.860      -4.927       4.111
p_moto            -0.4079      2.306     -0.177      0.860      -4.927       4.111
p_taxi            16.4684      6.028      2.732      0.006       4.654      28.283
p_bike            -4.7755      9.045     -0.528      0.598     -22.504      12.953
==================================================================================

Interpretación: Coeficientes que comparan cada categoría vs la base (cul_de_sac si code=0).
p-values indican si la proporción p_auto, etc. es significativa para distinguir el pattern.