Columnas df: ['indexA', 'indexB', 'area_ratio', 'street_pattern', 'p_walk', 'p_tpc', 'p_sitva', 'p_auto', 'p_moto', 'p_taxi', 'p_bike'] 

   indexA  indexB  area_ratio street_pattern  p_walk  p_tpc  p_sitva  p_auto  p_moto  p_taxi  p_bike
0       0      12    0.994918       gridiron   0.721  0.017    0.128   0.050   0.066   0.017   0.000
1       1      15    0.999747        hibrido   0.373  0.194    0.092   0.146   0.195   0.000   0.000
2       2      16    0.999156     cul_de_sac   0.258  0.337    0.056   0.153   0.099   0.010   0.013
3       3      17    0.996560       organico   0.464  0.270    0.097   0.015   0.108   0.015   0.030
4       4      18    0.999441        hibrido   0.080  0.063    0.075   0.589   0.090   0.009   0.003 

=== Conteo por Street Pattern ===
street_pattern
gridiron      182
organico      146
hibrido       127
cul_de_sac     58
Name: count, dtype: int64

=== Estadísticos descriptivos de las proporciones, por Street Pattern ===
street_pattern  cul_de_sac    gridiron     hibrido    organico
p_walk  count    58.000000  182.000000  127.000000  146.000000
        mean      0.309914    0.281912    0.257764    0.312267
        std       0.183138    0.157691    0.183174    0.169288
        min       0.000000    0.014000    0.000000    0.013000
        25%       0.160750    0.151250    0.081500    0.184250
        50%       0.301000    0.265500    0.259000    0.337000
        75%       0.467750    0.386000    0.390000    0.426000
        max       0.688000    0.721000    0.767000    0.778000
p_tpc   count    58.000000  182.000000  127.000000  146.000000
        mean      0.169310    0.180670    0.185331    0.171144
        std       0.116679    0.098953    0.120176    0.091167
        min       0.000000    0.000000    0.000000    0.000000
        25%       0.097000    0.114500    0.103000    0.101000
        50%       0.153000    0.166000    0.170000    0.167000
        75%       0.218500    0.231000    0.248000    0.219000
        max       0.509000    0.515000    0.610000    0.454000
p_sitva count    58.000000  182.000000  127.000000  146.000000
        mean      0.181638    0.171742    0.142157    0.146240
        std       0.142189    0.104291    0.094981    0.088400
        min       0.000000    0.000000    0.000000    0.000000
        25%       0.089500    0.107000    0.071500    0.087000
        50%       0.144500    0.154500    0.119000    0.134000
        75%       0.236500    0.228000    0.201500    0.185500
        max       0.643000    0.564000    0.452000    0.500000
p_auto  count    58.000000  182.000000  127.000000  146.000000
        mean      0.102414    0.144126    0.163772    0.148952
        std       0.146254    0.109715    0.175503    0.180138
        min       0.000000    0.000000    0.000000    0.000000
        25%       0.010750    0.067000    0.045000    0.039250
        50%       0.042000    0.116000    0.105000    0.077000
        75%       0.142000    0.185250    0.184500    0.180750
        max       0.606000    0.613000    0.877000    0.765000
p_moto  count    58.000000  182.000000  127.000000  146.000000
        mean      0.122345    0.124363    0.152220    0.123575
        std       0.088783    0.057621    0.123667    0.057609
        min       0.000000    0.000000    0.000000    0.000000
        25%       0.060750    0.086250    0.082000    0.085250
        50%       0.107000    0.123000    0.131000    0.117000
        75%       0.151750    0.162000    0.178500    0.165000
        max       0.364000    0.328000    1.000000    0.315000
p_taxi  count    58.000000  182.000000  127.000000  146.000000
        mean      0.032707    0.048588    0.044071    0.034158
        std       0.067747    0.036779    0.050448    0.032134
        min       0.000000    0.000000    0.000000    0.000000
        25%       0.000000    0.027250    0.003000    0.009500
        50%       0.009000    0.042000    0.034000    0.027000
        75%       0.033000    0.064750    0.069000    0.051750
        max       0.426000    0.217000    0.380000    0.204000
p_bike  count    58.000000  182.000000  127.000000  146.000000
        mean      0.016741    0.013533    0.008984    0.010438
        std       0.027318    0.018374    0.015141    0.016801
        min       0.000000    0.000000    0.000000    0.000000
        25%       0.000000    0.000000    0.000000    0.000000
        50%       0.000000    0.007000    0.001000    0.005000
        75%       0.022000    0.020000    0.012000    0.013750
        max       0.119000    0.104000    0.084000    0.114000

Street Patterns en el dataset: gridiron, hibrido, cul_de_sac, organico

=== ANOVA / Kruskal para cada proporción de movilidad ===
> P_WALK => ANOVA F=2.714 p=0.044295, Kruskal H=9.430 p=0.024084
> P_TPC => ANOVA F=0.589 p=0.62238, Kruskal H=1.182 p=0.75724
> P_SITVA => ANOVA F=3.739 p=0.011165, Kruskal H=9.447 p=0.023905
> P_AUTO => ANOVA F=2.154 p=0.092563, Kruskal H=22.043 p=6.3913e-05
> P_MOTO => ANOVA F=3.806 p=0.010196, Kruskal H=4.183 p=0.24237
> P_TAXI => ANOVA F=3.879 p=0.0092281, Kruskal H=34.219 p=1.7812e-07
> P_BIKE => ANOVA F=3.166 p=0.024215, Kruskal H=6.825 p=0.077695

Boxplots guardados (boxplot_{variable}.png).
=== Matriz de correlación (Spearman) entre proporciones y dummies de Street Pattern ===
                      p_walk     p_tpc   p_sitva    p_auto    p_moto    p_taxi    p_bike  pattern_cul_de_sac  pattern_gridiron  pattern_hibrido  pattern_organico
p_walk              1.000000 -0.112198 -0.088260 -0.660556 -0.148331 -0.219451 -0.079331            0.049487         -0.023083        -0.111168          0.096079
p_tpc              -0.112198  1.000000 -0.091708 -0.178269  0.030534 -0.038857  0.042717           -0.036186          0.027610         0.019611         -0.022638
p_sitva            -0.088260 -0.091708  1.000000 -0.189265 -0.058094  0.017056  0.027312            0.030116          0.117714        -0.090858         -0.059046
p_auto             -0.660556 -0.178269 -0.189265  1.000000 -0.004098  0.280671  0.100375           -0.169339          0.136254         0.049418         -0.072901
p_moto             -0.148331  0.030534 -0.058094 -0.004098  1.000000 -0.043631  0.102737           -0.063394         -0.010166         0.075823         -0.017256
p_taxi             -0.219451 -0.038857  0.017056  0.280671 -0.043631  1.000000  0.052633           -0.193938          0.207471         0.005450         -0.089096
p_bike             -0.079331  0.042717  0.027312  0.100375  0.102737  0.052633  1.000000           -0.007307          0.103964        -0.089586         -0.019418
pattern_cul_de_sac  0.049487 -0.036186  0.030116 -0.169339 -0.063394 -0.193938 -0.007307            1.000000         -0.264746        -0.204794         -0.225191
pattern_gridiron   -0.023083  0.027610  0.117714  0.136254 -0.010166  0.207471  0.103964           -0.264746          1.000000        -0.425334         -0.467698
pattern_hibrido    -0.111168  0.019611 -0.090858  0.049418  0.075823  0.005450 -0.089586           -0.204794         -0.425334         1.000000         -0.361786
pattern_organico    0.096079 -0.022638 -0.059046 -0.072901 -0.017256 -0.089096 -0.019418           -0.225191         -0.467698        -0.361786          1.000000

Heatmap de correlaciones guardado en heatmap_correlation.png

=== Regresión Logística Multinomial (Street Pattern ~ proporciones) ===
                          MNLogit Regression Results
==============================================================================
Dep. Variable:           pattern_code   No. Observations:                  513
Model:                        MNLogit   Df Residuals:                      489
Method:                           MLE   Df Model:                           21
Date:                Thu, 13 Mar 2025   Pseudo R-squ.:                 0.04809
Time:                        23:45:36   Log-Likelihood:                -643.31
converged:                       True   LL-Null:                       -675.81
Covariance Type:            nonrobust   LLR p-value:                 2.179e-06
==================================================================================
pattern_code=1       coef    std err          z      P>|z|      [0.025      0.975]
----------------------------------------------------------------------------------
const             -6.7576      2.514     -2.688      0.007     -11.686      -1.830
p_walk             7.4352      2.659      2.797      0.005       2.225      12.646
p_tpc              8.8682      2.969      2.987      0.003       3.050      14.686
p_sitva            6.9841      2.736      2.553      0.011       1.623      12.346
p_auto            10.4354      3.152      3.311      0.001       4.258      16.612
p_moto             8.0430      3.304      2.434      0.015       1.567      14.519
p_taxi            14.9480      4.942      3.024      0.002       5.261      24.635
p_bike            -0.8048      7.250     -0.111      0.912     -15.015      13.406
----------------------------------------------------------------------------------
pattern_code=2       coef    std err          z      P>|z|      [0.025      0.975]
----------------------------------------------------------------------------------
const             -3.3490      2.116     -1.583      0.113      -7.496       0.798
p_walk             3.0731      2.296      1.339      0.181      -1.427       7.573
p_tpc              5.4117      2.653      2.039      0.041       0.211      10.612
p_sitva            0.8234      2.458      0.335      0.738      -3.995       5.642
p_auto             6.9530      2.807      2.477      0.013       1.451      12.455
p_moto             8.3399      3.000      2.780      0.005       2.460      14.220
p_taxi             9.3839      4.886      1.921      0.055      -0.192      18.960
p_bike           -21.3668      8.980     -2.379      0.017     -38.967      -3.767
----------------------------------------------------------------------------------
pattern_code=3       coef    std err          z      P>|z|      [0.025      0.975]
----------------------------------------------------------------------------------
const             -1.0764      1.564     -0.688      0.491      -4.141       1.988
p_walk             2.6581      1.743      1.525      0.127      -0.758       6.075
p_tpc              2.4621      2.175      1.132      0.258      -1.800       6.724
p_sitva           -0.4510      1.971     -0.229      0.819      -4.314       3.412
p_auto             5.0674      2.296      2.207      0.027       0.567       9.568
p_moto             2.7941      2.618      1.067      0.286      -2.337       7.925
p_taxi             1.1029      4.833      0.228      0.819      -8.369      10.575
p_bike           -14.2457      7.774     -1.832      0.067     -29.483       0.992
==================================================================================

Interpretación: Coeficientes que comparan cada categoría vs la base (cul_de_sac si code=0).
p-values indican si la proporción p_auto, etc. es significativa para distinguir el pattern.